1 6
1 7
2 4
3 3
3 5
3 6
3 7
3 8
3 9
4 4
4 5
4 6
4 8
5 3
5 5
5 7
6 2
6 3
6 4
6 5
6 8
6 9
6 10
6 25
6 26
6 28
6 29
7 2
7 4
7 5
7 6
7 7
7 8
7 9
7 10
7 24
7 26
7 27
7 28
7 29
7 30
8 2
8 3
8 4
8 5
8 7
8 25
8 27
8 28
8 29
8 31
8 32
9 3
9 6
9 7
9 8
9 9
9 24
9 25
9 27
9 29
9 30
9 31
9 32
9 33
9 34
10 2
10 3
10 5
10 7
10 8
10 10
10 22
10 25
10 27
10 28
10 30
10 31
10 33
10 34
11 4
11 5
11 7
11 9
11 12
11 22
11 23
11 27
11 30
11 31
11 32
11 33
11 34
12 3
12 4
12 6
12 7
12 10
12 11
12 25
12 27
12 29
12 31
12 51
12 52
12 53
13 5
13 6
13 8
13 9
13 24
13 26
13 28
13 30
13 32
13 33
14 7
14 25
14 26
14 27
14 28
14 29
14 30
14 32
14 33
14 49
14 50
14 51
14 54
14 55
14 56
15 4
15 5
15 9
15 10
15 26
15 28
15 29
15 31
15 32
15 51
15 52
15 53
16 27
16 29
16 30
16 32
16 33
16 52
16 53
16 54
17 26
17 28
17 50
17 51
17 52
17 53
17 55
17 56
17 57
18 53
18 54
18 55
18 56
19 49
19 50
19 51
19 52
19 54
19 55
19 56
20 51
20 52
20 53
20 54
21 48
21 49
21 50
21 55
21 56
21 57
22 50
22 51
22 52
22 53
23 53
23 54
23 55
23 56
24 50
24 51
24 52
24 53
25 55
25 56
25 57
26 2
26 3
26 4
26 7
26 8
26 52
26 53
26 54
27 3
27 5
27 6
27 7
27 8
28 4
28 6
28 7
28 9
28 10
28 11
28 12
28 29
28 30
29 2
29 3
29 5
29 6
29 7
29 8
29 29
29 30
29 32
29 33
30 2
30 3
30 4
30 5
30 7
30 10
30 11
30 26
30 27
30 32
30 33
31 1
31 2
31 3
31 5
31 6
31 9
31 10
31 26
31 27
31 29
31 30
31 33
31 34
32 2
32 3
32 6
32 7
32 25
32 26
32 28
32 29
32 32
32 33
33 3
33 4
33 5
33 7
33 8
33 9
33 26
33 27
33 30
33 31
34 5
34 6
34 7
34 28
34 29
34 30
35 1
35 2
35 3
35 26
35 27
35 30
35 31
36 3
36 4
36 5
36 25
36 26
36 27
36 29
36 30
36 31
36 33
36 34
36 35
36 52
36 53
36 54
36 55
37 26
37 27
37 30
37 31
37 53
37 54
37 55
37 56
38 29
38 30
38 31
38 33
38 34
38 35
38 52
38 53
38 54
38 55
39 26
39 27
39 28
39 29
39 30
39 31
39 33
39 34
39 35
39 54
39 55
39 56
39 57
40 51
40 52
40 53
40 54
41 26
41 27
41 30
41 31
41 55
41 56
41 57
41 58
42 28
42 29
42 30
42 32
42 33
42 34
42 53
42 54
42 55
42 56
43 26
43 27
43 30
43 31
43 52
43 53
43 54
43 55
