

************ Result of iteration #0 ************
                                                            
      1 3                                                     
    5                                                        
   1  3 5 1 3 5                                                   
    1 3 5  1                                                    
   3  5  1                                                     
  3 5 1 3   5 1 3               5 1  3 5                               
  1  3 5 1 3 5 1 3              5  1 3 5 1 3                              
  5 1 3 5  1                  3  5 1 3  5 1                            
   3   5 1 3 5               1 3  5  1 3 5 1 3 5                          
  1 3  5  1 3  5            1   3  5 1  3 5  1 3                          
    5 1  3  5   1          3 5    1   3 5 1 3 5                          
   1 3  5 1   3 5              1  3  5  1                    3 5 1       
     3 5  1 3               5  1  3  5  1 3                           
       5                  1 3 5 1 3 5  1 3                5 1 3   5 1 3    
    5 1    3 5                1  3 5  1 3                   5 1 3       
                           5  1 3  5 1                   3 5 1      
                          3  5                      1 3 5 1  3 5 1   
                                                     3 5 1 3    
                                                 5 1 3 5  1 3 5    
                                                   1 3 5 1      
                                                3 5 1     3 5 1   
                                                  2 6 4 2       
                                                     6 4 2 6    
                                                  4 2 6 4       
                                                       2 6 4   
  2 6 4   2 6                                            4 2 6      
   4  2 6 4 2                                                    
    6  4 2  6 4 2 6                 4 2                              
  6 4  2 6 4 2                     6 4  2 6                           
  4 2 6 4  2   6 4               2 6     4 2                           
 6 4 2  6 4   2 6                4 2  6 4   2 6                          
  4 2   6 4                  2 6  4 2   6 4                           
   2 6 4  2 6 4                 2 6   4 2                             
     6 4 2                     6 4 2                              
 6 4 2                       6 4   2 6                             
   4 2 6                    4 2 6  4 2 6  4 2 6                 4 2 6 4     
                          2 6   4 2                      6 4 2 6    
                             4 2 6  4 2 6                 4 2 6 4     
                          2 6 4 2 6 4  2 6 4                   2 6 4 2   
                                                   6 4 2 6      
                          4 2   6 4                        2 6 4 2  
                            6 4 2  6 4 2                   6 4 2 6    
                          4 2   6 4                     2 6 4 2     
                                                            


************ Result of iteration #1 ************
                                                            
      5 5                                                     
    5                                                        
   5  5 5 5 5 5                                                   
    5 5 5  5                                                    
   5  5  5                                                     
  5 5 5 5   5 5 5               1 1  1 1                               
  5  5 5 5 5 5 5 5              1  1 1 1 1 1                              
  5 5 5 5  5                  1  1 1 1  1 1                            
   5   5 5 5 5               1 1  1  1 1 1 1 1 1                          
  5 5  5  5 5  5            5   1  1 1  1 1  1 1                          
    5 5  5  5   5          5 5    1   1 1 1 1 1                          
   5 5  5 5   5 5              1  1  1  1                    1 1 1       
     5 5  5 5               1  1  1  1  1 1                           
       5                  1 1 1 1 1 1  1 1                1 1 1   1 1 1    
    5 5    5 5                1  1 1  1 1                   1 1 1       
                           1  1 1  1 1                   1 1 1      
                          1  1                      1 1 1 1  1 1 1   
                                                     1 1 1 1    
                                                 1 1 1 2  2 2 2    
                                                   2 2 2 2      
                                                2 2 2     2 2 2   
                                                  2 2 2 2       
                                                     2 2 2 2    
                                                  2 2 2 2       
                                                       2 2 2   
  4 4 2   4 4                                            2 2 2      
   4  4 4 4 4                                                    
    4  4 4  4 4 4 4                 2 2                              
  4 4  4 4 4 4                     2 2  2 2                           
  4 4 4 4  4   4 4               4 2     2 2                           
 4 4 4  4 4   4 4                4 2  2 2   2 2                          
  4 4   4 4                  4 4  2 2   2 2                           
   4 4 4  4 4 4                 4 4   2 2                             
     4 4 4                     2 2 2                              
 4 4 4                       4 2   2 2                             
   4 4 4                    4 4 2  2 2 2  2 2 2                 2 2 2 2     
                          4 2   2 2                      2 2 2 2    
                             2 2 2  2 2 2                 2 2 2 2     
                          2 2 2 2 2 2  2 2 2                   2 2 2 2   
                                                   2 2 2 2      
                          2 2   2 2                        2 2 2 2  
                            2 2 2  2 2 2                   2 2 2 2    
                          2 2   2 2                     2 2 2 2     
                                                            


************ Result of iteration #2 ************
                                                            
      5 5                                                     
    5                                                        
   5  5 5 5 5 5                                                   
    5 5 5  5                                                    
   5  5  5                                                     
  5 5 5 5   5 5 5               3 3  3 3                               
  5  5 5 5 5 5 5 5              3  3 3 3 3 3                              
  5 5 5 5  5                  3  3 3 3  3 1                            
   5   5 5 5 5               3 3  3  3 3 1 1 1 1                          
  5 5  5  5 5  5            3   3  3 3  3 1  1 1                          
    5 5  5  5   5          3 3    3   3 1 1 1 1                          
   5 5  5 5   5 5              3  3  3  1                    1 1 1       
     5 5  5 5               3  3  3  3  1 1                           
       5                  3 3 3 3 3 3  1 1                1 1 1   1 1 1    
    5 5    5 5                3  3 3  1 1                   1 1 1       
                           3  3 3  1 1                   1 1 1      
                          3  3                      1 1 1 1  1 1 1   
                                                     1 1 1 1    
                                                 1 1 1 1  1 2 2    
                                                   2 1 2 2      
                                                2 2 2     2 2 2   
                                                  2 2 2 2       
                                                     2 2 2 2    
                                                  2 2 2 2       
                                                       2 2 2   
  4 4 4   4 4                                            2 2 2      
   4  4 4 4 4                                                    
    4  4 4  4 4 4 4                 6 6                              
  4 4  4 4 4 4                     6 6  6 6                           
  4 4 4 4  4   4 4               6 6     6 6                           
 4 4 4  4 4   4 4                6 6  6 6   6 6                          
  4 4   4 4                  6 6  6 6   6 6                           
   4 4 4  4 4 4                 6 6   6 6                             
     4 4 4                     6 6 6                              
 4 4 4                       6 6   6 6                             
   4 4 4                    6 6 6  6 6 6  6 6 2                 2 2 2 2     
                          6 6   6 6                      2 2 2 2    
                             6 6 6  6 6 2                 2 2 2 2     
                          6 6 6 6 6 6  6 6 2                   2 2 2 2   
                                                   2 2 2 2      
                          6 6   6 6                        2 2 2 2  
                            6 6 6  6 6 6                   2 2 2 2    
                          6 6   6 6                     2 2 2 2     
                                                            


************ Result of iteration #3 ************
                                                            
      5 5                                                     
    5                                                        
   5  5 5 5 5 5                                                   
    5 5 5  5                                                    
   5  5  5                                                     
  5 5 5 5   5 5 5               3 3  3 3                               
  5  5 5 5 5 5 5 5              3  3 3 3 3 3                              
  5 5 5 5  5                  3  3 3 3  3 3                            
   5   5 5 5 5               3 3  3  3 3 3 3 3 3                          
  5 5  5  5 5  5            3   3  3 3  3 3  3 3                          
    5 5  5  5   5          3 3    3   3 3 3 3 3                          
   5 5  5 5   5 5              3  3  3  3                    1 1 1       
     5 5  5 5               3  3  3  3  3 3                           
       5                  3 3 3 3 3 3  3 3                1 1 1   1 1 1    
    5 5    5 5                3  3 3  3 3                   1 1 1       
                           3  3 3  3 3                   1 1 1      
                          3  3                      1 1 1 1  1 1 1   
                                                     1 1 1 1    
                                                 1 1 1 1  1 1 2    
                                                   1 1 1 1      
                                                1 1 1     2 2 2   
                                                  2 2 2 2       
                                                     2 2 2 2    
                                                  2 2 2 2       
                                                       2 2 2   
  4 4 4   4 4                                            2 2 2      
   4  4 4 4 4                                                    
    4  4 4  4 4 4 4                 6 6                              
  4 4  4 4 4 4                     6 6  6 6                           
  4 4 4 4  4   4 4               6 6     6 6                           
 4 4 4  4 4   4 4                6 6  6 6   6 6                          
  4 4   4 4                  6 6  6 6   6 6                           
   4 4 4  4 4 4                 6 6   6 6                             
     4 4 4                     6 6 6                              
 4 4 4                       6 6   6 6                             
   4 4 4                    6 6 6  6 6 6  6 6 6                 2 2 2 2     
                          6 6   6 6                      2 2 2 2    
                             6 6 6  6 6 6                 2 2 2 2     
                          6 6 6 6 6 6  6 6 6                   2 2 2 2   
                                                   2 2 2 2      
                          6 6   6 6                        2 2 2 2  
                            6 6 6  6 6 6                   2 2 2 2    
                          6 6   6 6                     2 2 2 2     
                                                            


************ Result of iteration #4 ************
                                                            
      5 5                                                     
    5                                                        
   5  5 5 5 5 5                                                   
    5 5 5  5                                                    
   5  5  5                                                     
  5 5 5 5   5 5 5               3 3  3 3                               
  5  5 5 5 5 5 5 5              3  3 3 3 3 3                              
  5 5 5 5  5                  3  3 3 3  3 3                            
   5   5 5 5 5               3 3  3  3 3 3 3 3 3                          
  5 5  5  5 5  5            3   3  3 3  3 3  3 3                          
    5 5  5  5   5          3 3    3   3 3 3 3 3                          
   5 5  5 5   5 5              3  3  3  3                    1 1 1       
     5 5  5 5               3  3  3  3  3 3                           
       5                  3 3 3 3 3 3  3 3                1 1 1   1 1 1    
    5 5    5 5                3  3 3  3 3                   1 1 1       
                           3  3 3  3 3                   1 1 1      
                          3  3                      1 1 1 1  1 1 1   
                                                     1 1 1 1    
                                                 1 1 1 1  1 1 1    
                                                   1 1 1 1      
                                                1 1 1     1 1 1   
                                                  1 1 1 1       
                                                     1 1 1 1    
                                                  1 1 1 1       
                                                       2 2 2   
  4 4 4   4 4                                            2 2 2      
   4  4 4 4 4                                                    
    4  4 4  4 4 4 4                 6 6                              
  4 4  4 4 4 4                     6 6  6 6                           
  4 4 4 4  4   4 4               6 6     6 6                           
 4 4 4  4 4   4 4                6 6  6 6   6 6                          
  4 4   4 4                  6 6  6 6   6 6                           
   4 4 4  4 4 4                 6 6   6 6                             
     4 4 4                     6 6 6                              
 4 4 4                       6 6   6 6                             
   4 4 4                    6 6 6  6 6 6  6 6 6                 2 2 2 2     
                          6 6   6 6                      2 2 2 2    
                             6 6 6  6 6 6                 2 2 2 2     
                          6 6 6 6 6 6  6 6 6                   2 2 2 2   
                                                   2 2 2 2      
                          6 6   6 6                        2 2 2 2  
                            6 6 6  6 6 6                   2 2 2 2    
                          6 6   6 6                     2 2 2 2     
                                                            


************ Result of iteration #5 ************
                                                            
      5 5                                                     
    5                                                        
   5  5 5 5 5 5                                                   
    5 5 5  5                                                    
   5  5  5                                                     
  5 5 5 5   5 5 5               3 3  3 3                               
  5  5 5 5 5 5 5 5              3  3 3 3 3 3                              
  5 5 5 5  5                  3  3 3 3  3 3                            
   5   5 5 5 5               3 3  3  3 3 3 3 3 3                          
  5 5  5  5 5  5            3   3  3 3  3 3  3 3                          
    5 5  5  5   5          3 3    3   3 3 3 3 3                          
   5 5  5 5   5 5              3  3  3  3                    1 1 1       
     5 5  5 5               3  3  3  3  3 3                           
       5                  3 3 3 3 3 3  3 3                1 1 1   1 1 1    
    5 5    5 5                3  3 3  3 3                   1 1 1       
                           3  3 3  3 3                   1 1 1      
                          3  3                      1 1 1 1  1 1 1   
                                                     1 1 1 1    
                                                 1 1 1 1  1 1 1    
                                                   1 1 1 1      
                                                1 1 1     1 1 1   
                                                  1 1 1 1       
                                                     1 1 1 1    
                                                  1 1 1 1       
                                                       1 1 1   
  4 4 4   4 4                                            1 1 1      
   4  4 4 4 4                                                    
    4  4 4  4 4 4 4                 6 6                              
  4 4  4 4 4 4                     6 6  6 6                           
  4 4 4 4  4   4 4               6 6     6 6                           
 4 4 4  4 4   4 4                6 6  6 6   6 6                          
  4 4   4 4                  6 6  6 6   6 6                           
   4 4 4  4 4 4                 6 6   6 6                             
     4 4 4                     6 6 6                              
 4 4 4                       6 6   6 6                             
   4 4 4                    6 6 6  6 6 6  6 6 6                 2 2 2 2     
                          6 6   6 6                      2 2 2 2    
                             6 6 6  6 6 6                 2 2 2 2     
                          6 6 6 6 6 6  6 6 6                   2 2 2 2   
                                                   2 2 2 2      
                          6 6   6 6                        2 2 2 2  
                            6 6 6  6 6 6                   2 2 2 2    
                          6 6   6 6                     2 2 2 2     
                                                            
